 921
 733.9
 1224
 971.1
 510.5
 1022
 860.3
 1807
 359.4
 328.3
 356.8
 723.5
 334
 604.9
 364.8
 733.6
 617
 1018
 1206
 833.2
 263.6
 863.5
 967.9
 629.5
 990.5
 399
 905
 834.7
 657.6
 768.6
 573.3
 688
 1107
 712.5
 594.3
 576.9
 492.8
 1304
 574.3
 1021
 555.9
 844.4
 583
 649.4
 887.8
 128.6
 707.2
 410
 653
 587.8
 701.6
 587.2
 648.3
 1015
 244.8
 839.1
 586.4
 1259
 961.9
 654.6
 1025
 486
 576
 613.9
 685.1
 632.1
 291.4
 855.5
 855.6
 280.8
 856.9
 244.8
 713
 678.2
 1214
 390.1
 681
 514.1
 1062
 1832
 747.3
 473.2
 686
 784.1
 735.5
 971.9
 214.6
 934.5
 1257
 1432
 567.4
 908.6
 614.1
 314.1
 464.1
 313.6
 633.7
 843.2
 773.9
